
repeat wait() 
until game:IsLoaded() 



wait(5)

function Notifier(Titleeee,Texteee)
    local ScreenGui = Instance.new("ScreenGui")
    local Frame = Instance.new("Frame")
    local ImageLabel = Instance.new("ImageLabel")
    local ImageLabel_2 = Instance.new("ImageLabel")
    local ImageLabel_3 = Instance.new("ImageLabel")
    local Title = Instance.new("TextLabel")
    local Text = Instance.new("TextLabel")
    
    ScreenGui.Parent = game.CoreGui
    ScreenGui.ZIndexBehavior = Enum.ZIndexBehavior.Sibling
    
    Frame.Parent = ScreenGui
    Frame.BackgroundColor3 = Color3.fromRGB(33, 33, 33)
    Frame.BorderColor3 = Color3.fromRGB(0, 0, 0)
    Frame.Position = UDim2.new(0.0160891097, 0, 0.431901872, 0)
    Frame.Size = UDim2.new(0, 232, 0, 41)
    
    ImageLabel.Parent = Frame
    ImageLabel.BackgroundColor3 = Color3.fromRGB(255, 255, 255)
    ImageLabel.BackgroundTransparency = 1.000
    ImageLabel.BorderSizePixel = 0
    ImageLabel.Size = UDim2.new(0, 70, 0, 41)
    ImageLabel.Image = "rbxassetid://2151741365"
    ImageLabel.ImageColor3 = Color3.fromRGB(11, 11, 11)
    
    ImageLabel_2.Parent = Frame
    ImageLabel_2.BackgroundColor3 = Color3.fromRGB(255, 255, 255)
    ImageLabel_2.BackgroundTransparency = 1.000
    ImageLabel_2.BorderSizePixel = 0
    ImageLabel_2.Position = UDim2.new(0.301724136, 0, 0, 0)
    ImageLabel_2.Size = UDim2.new(0, 70, 0, 41)
    ImageLabel_2.Image = "rbxassetid://2151741365"
    ImageLabel_2.ImageColor3 = Color3.fromRGB(11, 11, 11)
    
    ImageLabel_3.Parent = Frame
    ImageLabel_3.BackgroundColor3 = Color3.fromRGB(255, 255, 255)
    ImageLabel_3.BackgroundTransparency = 1.000
    ImageLabel_3.BorderSizePixel = 0
    ImageLabel_3.Position = UDim2.new(0.603448272, 0, 0, 0)
    ImageLabel_3.Size = UDim2.new(0, 92, 0, 41)
    ImageLabel_3.Image = "rbxassetid://2151741365"
    ImageLabel_3.ImageColor3 = Color3.fromRGB(11, 11, 11)
    
    Title.Name = "Title"
    Title.Parent = Frame
    Title.BackgroundColor3 = Color3.fromRGB(255, 255, 255)
    Title.BackgroundTransparency = 1.000
    Title.Position = UDim2.new(0.0344827585, 0, 0, 0)
    Title.Size = UDim2.new(0, 69, 0, 22)
    Title.Font = Enum.Font.GothamBlack
    Title.Text = Titleeee
    Title.TextColor3 = Color3.fromRGB(255, 255, 255)
    Title.TextScaled = true
    Title.TextSize = 14.000
    Title.TextStrokeColor3 = Color3.fromRGB(255, 255, 255)
    Title.TextWrapped = true
    Title.TextXAlignment = Enum.TextXAlignment.Left
    
    Text.Name = "Text"
    Text.Parent = Frame
    Text.BackgroundColor3 = Color3.fromRGB(255, 255, 255)
    Text.BackgroundTransparency = 1.000
    Text.Position = UDim2.new(0.0344827585, 0, 0.463414639, 0)
    Text.Size = UDim2.new(0, 224, 0, 22)
    Text.Font = Enum.Font.GothamBlack
    Text.Text = Texteee
    Text.TextColor3 = Color3.fromRGB(255, 255, 255)
    Text.TextScaled = true
    Text.TextSize = 14.000
    Text.TextStrokeColor3 = Color3.fromRGB(255, 255, 255)
    Text.TextWrapped = true
    Text.TextXAlignment = Enum.TextXAlignment.Left
    wait(3)
    ScreenGui:Destroy()
    end
    
    Notifier("RIPPER HUB System","Script is loading")


if _G.Team == "Pirate" then
	for i,v in pairs(getconnections(game:GetService("Players").LocalPlayer.PlayerGui.Main.ChooseTeam.Container.Pirates.Frame.ViewportFrame.TextButton.MouseButton1Click)) do
		v.Function()
	end
elseif _G.Team == "Marine" then
	for i,v in pairs(getconnections(game:GetService("Players").LocalPlayer.PlayerGui.Main.ChooseTeam.Container.Marines.Frame.ViewportFrame.TextButton.MouseButton1Click)) do
		v.Function()
	end
else
	for i,v in pairs(getconnections(game:GetService("Players").LocalPlayer.PlayerGui.Main.ChooseTeam.Container.Pirates.Frame.ViewportFrame.TextButton.MouseButton1Click)) do
		v.Function()
	end
end




local library = loadstring(game:HttpGet("https://raw.githubusercontent.com/zxciaz/VenyxUI/main/Reuploaded"))() --someone reuploaded it so I put it in place of the original back up so guy can get free credit.
local venyx = library.new("RIPPER HUB v.0.0.1", 5013109572)

-- themes
local themes = {
Background = Color3.fromRGB(24, 24, 24),
Glow = Color3.fromRGB(0, 0, 0),
Accent = Color3.fromRGB(10, 10, 10),
LightContrast = Color3.fromRGB(20, 20, 20),
DarkContrast = Color3.fromRGB(14, 14, 14),  
TextColor = Color3.fromRGB(255, 255, 255)
}

-- first page
local page = venyx:addPage("Main", 5012544693)
local section1 = page:addSection("Section 1")

OldWorld = false
newworld = false           
thirdworld = false   
local placeId = game.PlaceId
if placeId == 2753915549 then
OldWorld = true
elseif placeId == 4442272183 then
newworld = true
elseif placeId == 7449423635 then
thirdworld = true
end

function checklevel()
    local MYLEVEL = game:GetService("Players").LocalPlayer.Data.Level.Value
    if OldWorld then
		if MYLEVEL == 1 or MYLEVEL <= 9 then
		_G.Mon = "Bandit [Lv. 5]"
		_G.NAMEQUEST = "BanditQuest1"
		_G.QUESTNUM = 1
		_G.QUESTTEXT = "Reward:\n$350\n250 Exp."
		_G.QUESTMON = CFrame.new(1060.61548, 16.5166187, 1546.06348, -0.966731012, 9.64880797e-08, 0.255795151, 8.52720916e-08, 1, -5.49381056e-08, -0.255795151, -3.12981818e-08, -0.966731012)
		_G.PUK = CFrame.new(1094.74158, 68.1195679, 1617.98132, -0.805238843, 2.58748241e-06, -0.592950821, 6.83637325e-07, 1, 3.43534839e-06, 0.592950821, 2.36091159e-06, -0.805238843)
		elseif MYLEVEL == 10 or MYLEVEL <= 14 then
		_G.Mon = "Monkey [Lv. 14]"
		_G.NAMEQUEST = "JungleQuest"
		_G.QUESTNUM = 1
		_G.QUESTTEXT = "Reward:\n$800\n1,800 Exp."
		_G.QUESTMON = CFrame.new(-1600.24353, 36.8521347, 153.224792, 0.0664860159, 1.09421023e-07, -0.997787356, 9.55680779e-09, 1, 1.10300476e-07, 0.997787356, -1.68691017e-08, 0.0664860159)
		_G.PUK = CFrame.new(-1609.71216, 39.8521576, 123.384674, 0.708323717, 6.74341152e-08, 0.705887735, -1.86098941e-08, 1, -7.68568071e-08, -0.705887735, 4.13030072e-08, 0.708323717)
		elseif MYLEVEL == 15 or MYLEVEL <= 29 then
		_G.Mon = "Gorilla [Lv. 20]"
		_G.NAMEQUEST = "JungleQuest"
		_G.QUESTNUM = 2
		_G.QUESTTEXT = "Reward:\n$1,200\n3,500 Exp."
		_G.QUESTMON = CFrame.new(-1600.24353, 36.8521347, 153.224792, 0.0664860159, 1.09421023e-07, -0.997787356, 9.55680779e-09, 1, 1.10300476e-07, 0.997787356, -1.68691017e-08, 0.0664860159)
		_G.PUK = CFrame.new(-1260.29321, 18.6214619, -398.3508, 0.816335142, 5.76316722e-07, -0.577578545, 8.32609999e-08, 1, 1.11549434e-06, 0.577578545, -9.58707005e-07, 0.816335142)
		elseif MYLEVEL == 30 or MYLEVEL <= 39 then
		_G.Mon = "Pirate [Lv. 35]"
		_G.NAMEQUEST = "BuggyQuest1"
		_G.QUESTNUM = 1
		_G.QUESTTEXT = "Reward:\n$3,000\n10,000 Exp."
		_G.QUESTMON = CFrame.new(-1139.56116, 4.75204945, 3825.97827, -0.947666645, 2.60038924e-08, 0.319261551, 3.65571005e-08, 1, 2.70626153e-08, -0.319261551, 3.73176157e-08, -0.947666645)
		_G.PUK = CFrame.new(-1223.64111, 4.75204945, 3914.84668, -0.99005419, 5.39223821e-09, 0.140686572, -6.35229591e-10, 1, -4.27983267e-08, -0.140686572, -4.24620303e-08, -0.99005419)
		elseif MYLEVEL == 40 or MYLEVEL <= 59 then
		_G.Mon = "Brute [Lv. 45]"
		_G.NAMEQUEST = "BuggyQuest1"
		_G.QUESTNUM = 2
		_G.QUESTTEXT = "Reward:\n$3,500\n18,000 Exp."
		_G.QUESTMON = CFrame.new(-1139.56116, 4.75204945, 3825.97827, -0.947666645, 2.60038924e-08, 0.319261551, 3.65571005e-08, 1, 2.70626153e-08, -0.319261551, 3.73176157e-08, -0.947666645)
		_G.PUK = CFrame.new(-1140.92944, 14.8098745, 4317.16455, -0.943479657, 3.71900555e-08, -0.331430465, 1.7316566e-08, 1, 6.2915845e-08, 0.331430465, 5.36205853e-08, -0.943479657)
		elseif MYLEVEL == 60 or MYLEVEL <= 74 then
		_G.Mon = "Desert Bandit [Lv. 60]"
		_G.NAMEQUEST = "DesertQuest"
		_G.QUESTNUM = 1
		_G.QUESTTEXT = "Reward:\n$4,000\n35,000 Exp."
		_G.QUESTMON = CFrame.new(896.408142, 6.43846178, 4389.37891, -0.846945703, -2.31297754e-08, 0.531679392, -1.55507234e-08, 1, 1.87315088e-08, -0.531679392, 7.59657048e-09, -0.846945703)
		_G.PUK = CFrame.new(949.532593, 15.2893953, 4403.09912, -0.832314849, -4.19622452e-08, 0.55430311, 7.94023236e-10, 1, 7.68949704e-08, -0.55430311, 6.44409539e-08, -0.832314849)
		elseif MYLEVEL == 75 or MYLEVEL <= 89 then
		_G.Mon = "Desert Officer [Lv. 70]"
		_G.NAMEQUEST = "DesertQuest"
		_G.QUESTNUM = 2
		_G.QUESTTEXT = "Reward:\n$4,500\n50,000 Exp."
		_G.QUESTMON = CFrame.new(896.408142, 6.43846178, 4389.37891, -0.846945703, -2.31297754e-08, 0.531679392, -1.55507234e-08, 1, 1.87315088e-08, -0.531679392, 7.59657048e-09, -0.846945703)
		_G.PUK = CFrame.new(1547.40369, 14.4520388, 4359.40625, 0.228631318, -1.20783e-07, -0.973513126, -3.43095508e-08, 1, -1.32126871e-07, 0.973513126, 6.36091286e-08, 0.228631318)
		elseif MYLEVEL == 90 or MYLEVEL <= 99 then
		_G.Mon = "Snow Bandit [Lv. 90]"
		_G.NAMEQUEST = "SnowQuest"
		_G.QUESTNUM = 1
		_G.QUESTTEXT = "Reward:\n$5,000\n70,000 Exp."
		_G.QUESTMON = CFrame.new(1384.01538, 87.272789, -1296.28137, 0.462413222, -7.79864777e-08, -0.88666451, -1.42050363e-08, 1, -9.53630916e-08, 0.88666451, 5.6692258e-08, 0.462413222)
		_G.PUK = CFrame.new(1372.84326, 105.990303, -1422.19507, 0.719091773, -2.12436309e-08, 0.694915235, 9.82151036e-08, 1, -7.10619616e-08, -0.694915235, 1.19351228e-07, 0.719091773)
		elseif MYLEVEL == 100 or MYLEVEL <= 119 then
		_G.Mon = "Snowman [Lv. 100]"
		_G.NAMEQUEST = "SnowQuest"
		_G.QUESTNUM = 2
		_G.QUESTTEXT = "Reward:\n$5,500\n120,000 Exp."
		_G.QUESTMON = CFrame.new(1384.01538, 87.272789, -1296.28137, 0.462413222, -7.79864777e-08, -0.88666451, -1.42050363e-08, 1, -9.53630916e-08, 0.88666451, 5.6692258e-08, 0.462413222)
		_G.PUK = CFrame.new(1220.92712, 138.011871, -1489.01208, 0.389352709, -7.53626693e-07, 0.921088696, 1.45705499e-07, 1, 7.56600116e-07, -0.921088696, -1.60376572e-07, 0.389352709)
		elseif MYLEVEL == 120 or MYLEVEL <= 149 then
		_G.Mon = "Chief Petty Officer [Lv. 120]"
		_G.NAMEQUEST = "MarineQuest2"
		_G.QUESTNUM = 1
		_G.QUESTTEXT = "Reward:\n$6,000\n180,000 Exp."
		_G.QUESTMON = CFrame.new(-5034.64893, 28.6520348, 4324.53369, -0.0616381466, 5.83357576e-08, 0.998098552, -1.59750098e-08, 1, -5.9433436e-08, -0.998098552, -1.96080023e-08, -0.0616381466)
		_G.PUK = CFrame.new(-4863.61328, 22.6520348, 4306.39307, 0.536051273, 7.00434066e-09, -0.844185412, -5.8011751e-10, 1, 7.92878918e-09, 0.844185412, -3.76051057e-09, 0.536051273)
		elseif MYLEVEL == 150 or MYLEVEL <= 174 then
		_G.Mon = "Sky Bandit [Lv. 150]"
		_G.NAMEQUEST = "SkyQuest"
		_G.QUESTNUM = 1
		_G.QUESTTEXT = "Reward:\n$7,000\n250,000 Exp."
		_G.QUESTMON = CFrame.new(-4843.2041, 717.669617, -2623.13159, -0.775086224, -1.6359829e-08, -0.631855488, -4.10942462e-08, 1, 2.45178793e-08, 0.631855488, 4.49690951e-08, -0.775086224)
		_G.PUK = CFrame.new(-4970.74219, 294.544342, -2890.11353, -0.994874597, -8.61311165e-08, -0.101116329, -9.10836278e-08, 1, 4.43614923e-08, 0.101116329, 5.33441664e-08, -0.994874597)
		elseif MYLEVEL == 175 or MYLEVEL <= 224 then
		_G.Mon = "Dark Master [Lv. 175]"
		_G.NAMEQUEST = "SkyQuest"
		_G.QUESTNUM = 2
		_G.QUESTTEXT = "Reward:\n$7,500\n350,000 Exp."
		_G.QUESTMON = CFrame.new(-4843.2041, 717.669617, -2623.13159, -0.775086224, -1.6359829e-08, -0.631855488, -4.10942462e-08, 1, 2.45178793e-08, 0.631855488, 4.49690951e-08, -0.775086224)
		_G.PUK = CFrame.new(-5239.94629, 392.217102, -2208.18335, 0.969297886, -5.95604988e-09, -0.245889395, 3.87897714e-09, 1, -8.93151775e-09, 0.245889395, 7.70350184e-09, 0.969297886)
		elseif MYLEVEL == 225 or MYLEVEL <= 275 then
		_G.Mon = "Toga Warrior [Lv. 225]"
		_G.NAMEQUEST = "ColosseumQuest"
		_G.QUESTNUM = 1
		_G.QUESTTEXT = "Reward:\n$7,000\n700,000 Exp."
		_G.QUESTMON = CFrame.new(-1575.72961, 7.38933659, -2983.39453, 0.52762109, -1.48187587e-06, 0.849479854, 2.69328297e-07, 1, 1.57716818e-06, -0.849479854, -6.0335816e-07, 0.52762109)
		_G.PUK = CFrame.new(-1819.12415, 7.28907108, -2744.02539, 0.547199547, 2.10840998e-08, -0.837002158, -1.27399286e-10, 1, 2.51067309e-08, 0.837002158, -1.36317579e-08, 0.547199547)
		elseif MYLEVEL == 275 or MYLEVEL <= 299 then
		_G.Mon = "Gladiator [Lv. 275]"
		_G.NAMEQUEST = "ColosseumQuest"
		_G.QUESTNUM = 2
		_G.QUESTTEXT = "Reward:\n$7,500\n1,000,000 Exp."
		_G.QUESTMON = CFrame.new(-1575.72961, 7.38933659, -2983.39453, 0.52762109, -1.48187587e-06, 0.849479854, 2.69328297e-07, 1, 1.57716818e-06, -0.849479854, -6.0335816e-07, 0.52762109)
		_G.PUK = CFrame.new(-1334.76514, 7.44254398, -3228.90552, -0.340173125, 2.8230156e-08, 0.940362811, 2.60959143e-09, 1, -2.90764834e-08, -0.940362811, -7.4370754e-09, -0.340173125)
		elseif MYLEVEL == 300 or MYLEVEL <= 329 then
		_G.Mon = "Military Soldier [Lv. 300]"
		_G.NAMEQUEST = "MagmaQuest"
		_G.QUESTNUM = 1
		_G.QUESTTEXT = "Reward:\n$8,250\n1,300,000 Exp."
		_G.QUESTMON = CFrame.new(-5316.33887, 12.236989, 8517.67285, 0.499506682, -5.08374072e-08, -0.86631006, -1.30872131e-08, 1, -6.62286652e-08, 0.86631006, 4.44192452e-08, 0.499506682)
		_G.PUK = CFrame.new(-5419.0752, 10.9255161, 8464.50488, -0.637788415, -4.55103836e-05, 0.770211577, 7.05542743e-06, 1, 6.49305366e-05, -0.770211577, 4.68461185e-05, -0.637788415)
		elseif MYLEVEL == 330 or MYLEVEL <= 374 then
		_G.Mon = "Military Spy [Lv. 330]"
		_G.NAMEQUEST = "MagmaQuest"
		_G.QUESTNUM = 2
		_G.QUESTTEXT = "Reward:\n$8,500\n1,850,000 Exp."
		_G.QUESTMON = CFrame.new(-5316.33887, 12.236989, 8517.67285, 0.499506682, -5.08374072e-08, -0.86631006, -1.30872131e-08, 1, -6.62286652e-08, 0.86631006, 4.44192452e-08, 0.499506682)
		_G.PUK = CFrame.new(-5805.42041, 99.5276108, 8782.36719, -0.316935152, -6.4923519e-08, 0.948447227, 4.12987404e-08, 1, 8.2252896e-08, -0.948447227, 6.52385026e-08, -0.316935152)
		elseif MYLEVEL == 375 or MYLEVEL <= 399 then
		_G.Mon = "Fishman Warrior [Lv. 375]"
		_G.NAMEQUEST = "FishmanQuest"
		_G.QUESTNUM = 1
		_G.QUESTTEXT = "Reward:\n$8,750\n2,500,000 Exp."
		_G.QUESTMON = CFrame.new(61122.2422, 18.4716377, 1568.84778, 0.971045971, -1.77007031e-08, 0.238892734, 4.80190776e-09, 1, 5.45760841e-08, -0.238892734, -5.18487475e-08, 0.971045971)
		_G.PUK = CFrame.new(60898.043, 18.4828224, 1550.9906, -0.0750192106, -4.46996573e-09, 0.997182071, 3.6461556e-10, 1, 4.51002746e-09, -0.997182071, 7.0192685e-10, -0.0750192106)
        if _G.FARM and (_G.QUESTMON.Position - game.Players.LocalPlayer.Character.HumanoidRootPart.Position).Magnitude > 3000 then
            game:GetService("ReplicatedStorage").Remotes.CommF_:InvokeServer("requestEntrance",Vector3.new(61163.8515625, 11.6796875, 1819.7841796875))
        end
        elseif MYLEVEL == 400 or MYLEVEL <= 449 then
		_G.Mon = "Fishman Commando [Lv. 400]"
		_G.NAMEQUEST = "FishmanQuest"
		_G.QUESTNUM = 2
		_G.QUESTTEXT = "Reward:\n$9,000\n3,000,000 Exp."
		_G.QUESTMON = CFrame.new(61122.2422, 18.4716377, 1568.84778, 0.971045971, -1.77007031e-08, 0.238892734, 4.80190776e-09, 1, 5.45760841e-08, -0.238892734, -5.18487475e-08, 0.971045971)
		_G.PUK = CFrame.new(61885.4063, 18.4828224, 1500.37195, 0.722261012, 4.84021889e-08, -0.691620588, 1.27929427e-08, 1, 8.33434299e-08, 0.691620588, -6.90435726e-08, 0.722261012)
        if _G.FARM and (_G.QUESTMON.Position - game.Players.LocalPlayer.Character.HumanoidRootPart.Position).Magnitude > 3000 then
            game:GetService("ReplicatedStorage").Remotes.CommF_:InvokeServer("requestEntrance",Vector3.new(61163.8515625, 11.6796875, 1819.7841796875))
        end
        elseif MYLEVEL == 450 or MYLEVEL <= 474 then
		_G.Mon = "God's Guard [Lv. 450]"
		_G.NAMEQUEST = "SkyExp1Quest"
		_G.QUESTNUM = 1
		_G.QUESTTEXT = "Reward:\n$8,750\n3,800,000 Exp."
		_G.QUESTMON = CFrame.new(-4721.28369, 845.277161, -1954.95154, -0.979754269, -1.72096932e-08, 0.200205252, -2.52417198e-09, 1, 7.36076018e-08, -0.200205252, 7.16119786e-08, -0.979754269)
		_G.PUK = CFrame.new(-4630.00635, 866.902954, -1936.76331, -0.656243384, 9.12737941e-12, 0.754549265, 3.58402819e-09, 1, 3.10498938e-09, -0.754549265, 4.74195483e-09, -0.656243384)
        if _G.FARM and (_G.QUESTMON.Position - game.Players.LocalPlayer.Character.HumanoidRootPart.Position).Magnitude > 3000 then
            game:GetService("ReplicatedStorage").Remotes.CommF_:InvokeServer("requestEntrance",Vector3.new(-4607.82275, 872.54248, -1667.55688))
        end
        elseif MYLEVEL == 475 or MYLEVEL <= 524 then
		_G.Mon = "Shanda [Lv. 475]"
		_G.NAMEQUEST = "SkyExp1Quest"
		_G.QUESTNUM = 2
		_G.QUESTTEXT = "Reward:\n$9,000\n4,300,000 Exp."
		_G.QUESTMON = CFrame.new(-7861.79736, 5545.49316, -379.920776, 0.504107952, -1.41941534e-08, -0.863640666, -1.31181936e-08, 1, -2.40923566e-08, 0.863640666, 2.34745521e-08, 0.504107952)
		_G.PUK = CFrame.new(-7682.69775, 5607.36279, -445.691833, 0.786274791, -4.48163426e-08, -0.617877364, -4.81674345e-09, 1, -7.86622607e-08, 0.617877364, 6.48263239e-08, 0.786274791)
        if _G.FARM and (_G.QUESTMON.Position - game.Players.LocalPlayer.Character.HumanoidRootPart.Position).Magnitude > 3000 then
            game:GetService("ReplicatedStorage").Remotes.CommF_:InvokeServer("requestEntrance",Vector3.new(-7894.6176757813, 5547.1416015625, -380.29119873047))
        end
        elseif MYLEVEL == 525 or MYLEVEL <= 549 then
		_G.Mon = "Royal Squad [Lv. 525]"
		_G.NAMEQUEST = "SkyExp2Quest"
		_G.QUESTNUM = 1
		_G.QUESTTEXT = "Reward:\n$9,500\n4,600,000 Exp."
		_G.QUESTMON = CFrame.new(-7902.23242, 5635.96387, -1411.96741, -0.0435957126, -2.13718043e-09, 0.999049246, 4.23562352e-10, 1, 2.15769735e-09, -0.999049246, 5.1722604e-10, -0.0435957126)
		_G.PUK = CFrame.new(-7579.42285, 5628.39111, -1540.75073, -0.0374937952, 1.17099557e-08, 0.999296963, -3.30279164e-08, 1, -1.29574085e-08, -0.999296963, -3.34905081e-08, -0.0374937952)
		elseif MYLEVEL == 550 or MYLEVEL <= 624 then
		_G.Mon = "Royal Soldier [Lv. 550]"
		_G.NAMEQUEST = "SkyExp2Quest"
		_G.QUESTNUM = 2
		_G.QUESTTEXT = "Reward:\n$9,750\n5,000,000 Exp."
		_G.QUESTMON = CFrame.new(-7902.23242, 5635.96387, -1411.96741, -0.0435957126, -2.13718043e-09, 0.999049246, 4.23562352e-10, 1, 2.15769735e-09, -0.999049246, 5.1722604e-10, -0.0435957126)
		_G.PUK = CFrame.new(-7834.84717, 5681.36182, -1790.76782, -0.102890432, 3.28112684e-08, 0.994692683, -6.45397762e-08, 1, -3.96622966e-08, -0.994692683, -6.82781121e-08, -0.102890432)
		elseif MYLEVEL == 625 or MYLEVEL <= 649 then
		_G.Mon = "Galley Pirate [Lv. 625]"
		_G.NAMEQUEST = "FountainQuest"
		_G.QUESTNUM = 1
		_G.QUESTTEXT = "Reward:\n$10,000\n5,800,000 Exp."
		_G.QUESTMON = CFrame.new(5254.52734, 38.5011368, 4049.80127, -0.0732342899, 2.23174847e-08, -0.997314751, 1.2052287e-07, 1, 1.35274023e-08, 0.997314751, -1.19208565e-07, -0.0732342899)
		_G.PUK = CFrame.new(5597.58936, 41.5013657, 3960.55371, -0.584786832, 4.98908861e-08, 0.811187029, 4.10757259e-08, 1, -3.18919575e-08, -0.811187029, 1.4670098e-08, -0.584786832)
		elseif MYLEVEL >= 650 then
		_G.Mon = "Galley Captain [Lv. 650]"
		_G.NAMEQUEST = "FountainQuest"
		_G.QUESTNUM = 2
		_G.QUESTTEXT = "Reward:\n$10,000\n6,300,000 Exp."
		_G.QUESTMON = CFrame.new(5254.52734, 38.5011368, 4049.80127, -0.0732342899, 2.23174847e-08, -0.997314751, 1.2052287e-07, 1, 1.35274023e-08, 0.997314751, -1.19208565e-07, -0.0732342899)
		_G.PUK = CFrame.new(5705.8252, 52.241478, 4890.11035, -0.969319642, 4.40228476e-09, 0.245803744, -7.88622412e-09, 1, -4.90088397e-08, -0.245803744, -4.94436954e-08, -0.969319642)    
		end
		end
		if newworld then
		if MYLEVEL == 700 or MYLEVEL <= 724 then
		_G.Mon = "Raider [Lv. 700]"
		_G.NAMEQUEST = "Area1Quest"
		_G.QUESTNUM = 1
		_G.QUESTTEXT = "Reward:\n$10,250\n6,750,000 Exp."
		_G.QUESTMON = CFrame.new(-424.080078, 73.0055847, 1836.91589, 0.253544956, -1.42165932e-08, 0.967323601, -6.00147771e-08, 1, 3.04272909e-08, -0.967323601, -6.5768397e-08, 0.253544956)
		_G.PUK = CFrame.new(-141.872437, 96.6845093, 2491.01538, 0.13152431, 0, -0.991312981, -0, 1.00000012, -0, 0.991312981, 0, 0.13152431)
		elseif MYLEVEL == 725 or MYLEVEL <= 774 then
		_G.Mon = "Mercenary [Lv. 725]"
		_G.NAMEQUEST = "Area1Quest"
		_G.QUESTNUM = 2
		_G.QUESTTEXT = "Reward:\n$10,500\n7,000,000 Exp."
		_G.QUESTMON = CFrame.new(-424.080078, 73.0055847, 1836.91589, 0.253544956, -1.42165932e-08, 0.967323601, -6.00147771e-08, 1, 3.04272909e-08, -0.967323601, -6.5768397e-08, 0.253544956)
		_G.PUK = CFrame.new(-938.497314, 80.9546738, 1443.98608, 0.231955677, 0, 0.972726345, -0, 1, -0, -0.972726345, 0, 0.231955677)
        elseif MYLEVEL == 775 or MYLEVEL <= 800 then
		_G.Mon = "Swan Pirate [Lv. 775]"
		_G.NAMEQUEST = "Area2Quest"
		_G.QUESTNUM = 1
		_G.QUESTTEXT = "Reward:\n$10,750\n7,500,000 Exp."
		_G.QUESTMON = CFrame.new(632.698608, 73.1055908, 918.666321, -0.0319722369, 8.96074881e-10, -0.999488771, 1.36326533e-10, 1, 8.92172336e-10, 0.999488771, -1.07732087e-10, -0.0319722369)
		_G.PUK = CFrame.new(967.233276, 141.309494, 1210.06384, 0.999673784, 5.40161649e-09, -0.0255404469, -7.62258967e-09, 1, -8.68617107e-08, 0.0255404469, 8.7028063e-08, 0.999673784)
        elseif MYLEVEL == 800 or MYLEVEL <= 874 then
        _G.Mon = "Factory Staff [Lv. 800]"
        _G.NAMEQUEST = "Area2Quest"
        _G.QUESTNUM = 2
        _G.QUESTTEXT = "Reward:\n$11,000\n8,250,000 Exp."
        _G.QUESTMON = CFrame.new(632.698608, 73.1055908, 918.666321, -0.0319722369, 8.96074881e-10, -0.999488771, 1.36326533e-10, 1, 8.92172336e-10, 0.999488771, -1.07732087e-10, -0.0319722369)
        _G.PUK = CFrame.new(270.472565, 72.9597778, -69.9521027, -0.998866975, 2.21655405e-08, 0.047591392, 1.82471744e-08, 1, -8.27680537e-08, -0.047591392, -8.18058368e-08, -0.998866975)        
        elseif MYLEVEL == 875 or MYLEVEL <= 899 then
		_G.Mon = "Marine Lieutenant [Lv. 875]"
		_G.NAMEQUEST = "MarineQuest3"
		_G.QUESTNUM = 1
		_G.QUESTTEXT = "Reward:\n$11,250\n9,000,000 Exp."
		_G.QUESTMON = CFrame.new(-2443.04639, 73.0161057, -3220.30225, -0.854058921, -6.13997599e-08, -0.520176232, -1.30658604e-08, 1, -9.65840883e-08, 0.520176232, -7.56919505e-08, -0.854058921)
		_G.PUK = CFrame.new(-2967.00757, 72.9661407, -2972.7478, 0.977851391, 8.27619218e-08, -0.209300488, -6.95268412e-08, 1, 7.05923142e-08, 0.209300488, -5.44767893e-08, 0.977851391)
		elseif MYLEVEL == 900 or MYLEVEL <= 949 then
		_G.Mon = "Marine Captain [Lv. 900]"
		_G.NAMEQUEST = "MarineQuest3"
		_G.QUESTNUM = 2
		_G.QUESTTEXT = "Reward:\n$11,500\n10,500,000 Exp."
		_G.QUESTMON = CFrame.new(-2443.04639, 73.0161057, -3220.30225, -0.854058921, -6.13997599e-08, -0.520176232, -1.30658604e-08, 1, -9.65840883e-08, 0.520176232, -7.56919505e-08, -0.854058921)
		_G.PUK = CFrame.new(-1818.36401, 93.3760834, -3203.57788, 0.315930545, 4.84752114e-08, 0.948782325, 1.37578589e-08, 1, -5.56731905e-08, -0.948782325, 3.06420738e-08, 0.315930545)
		elseif MYLEVEL == 950 or MYLEVEL <= 974 then
		_G.Mon = "Zombie [Lv. 950]"
		_G.NAMEQUEST = "ZombieQuest"
		_G.QUESTNUM = 1
		_G.QUESTTEXT = "Reward:\n$11,750\n11,000,000 Exp."
		_G.QUESTMON = CFrame.new(-5492.79395, 48.5151672, -793.710571, 0.321800292, -6.24695815e-08, 0.946807742, 4.05616092e-08, 1, 5.21931227e-08, -0.946807742, 2.16082796e-08, 0.321800292)
		_G.PUK = CFrame.new(-5736.03516, 126.031998, -728.026184, 0.0818082988, -5.90035434e-08, 0.996648133, 3.5947787e-09, 1, 5.89069167e-08, -0.996648133, -1.23634614e-09, 0.0818082988)
		elseif MYLEVEL == 975 or MYLEVEL <= 999 then
		_G.Mon = "Vampire [Lv. 975]"
		_G.NAMEQUEST = "ZombieQuest"
		_G.QUESTNUM = 2
		_G.QUESTTEXT = "Reward:\n$12,000\n12,000,000 Exp."
		_G.QUESTMON = CFrame.new(-5492.79395, 48.5151672, -793.710571, 0.321800292, -6.24695815e-08, 0.946807742, 4.05616092e-08, 1, 5.21931227e-08, -0.946807742, 2.16082796e-08, 0.321800292)
		_G.PUK = CFrame.new(-6028.23584, 6.40270138, -1295.4563, 0.667547405, 0, 0.744567394, -0, 1.00000012, -0, -0.744567394, 0, 0.667547405)
		elseif MYLEVEL == 1000 or MYLEVEL <= 1049 then
		_G.Mon = "Snow Trooper [Lv. 1000]"
		_G.NAMEQUEST = "SnowMountainQuest"
		_G.QUESTNUM = 1
		_G.QUESTTEXT = "Reward:\n$12,250\n13,000,000 Exp."
		_G.QUESTMON = CFrame.new(605.670532, 401.422028, -5370.10107, 0.459257662, -9.56824509e-10, -0.888303101, 5.98925964e-10, 1, -7.67489405e-10, 0.888303101, -1.79552401e-10, 0.459257662)
		_G.PUK = CFrame.new(544.207947, 401.422028, -5309.08887, 0.503866196, -2.06684501e-08, 0.86378175, 1.27917943e-09, 1, 2.31816841e-08, -0.86378175, -1.05755351e-08, 0.503866196)
		elseif MYLEVEL == 1050 or MYLEVEL <= 1099 then
		_G.Mon = "Winter Warrior [Lv. 1050]"
		_G.NAMEQUEST = "SnowMountainQuest"
		_G.QUESTNUM = 2
		_G.QUESTTEXT = "Reward:\n$12,500\n14,200,000 Exp."
		_G.QUESTMON = CFrame.new(605.670532, 401.422028, -5370.10107, 0.459257662, -9.56824509e-10, -0.888303101, 5.98925964e-10, 1, -7.67489405e-10, 0.888303101, -1.79552401e-10, 0.459257662)
		_G.PUK = CFrame.new(1240.86279, 461.108154, -5191.104, 0.528719008, -7.18234645e-08, 0.848796904, 2.89169716e-10, 1, 8.44378363e-08, -0.848796904, -4.4398444e-08, 0.528719008)
		elseif MYLEVEL == 1100 or MYLEVEL <= 1124 then
		_G.Mon = "Lab Subordinate [Lv. 1100]"
		_G.NAMEQUEST = "IceSideQuest"
		_G.QUESTNUM = 1
		_G.QUESTTEXT = "Reward:\n$12,250\n15,500,000 Exp."
		_G.QUESTMON = CFrame.new(-6060.10693, 15.9868021, -4904.7876, -0.411000341, -5.06538868e-07, 0.91163528, 1.26306062e-07, 1, 6.12581289e-07, -0.91163528, 3.66916197e-07, -0.411000341)
		_G.PUK = CFrame.new(-5833.63379, 48.4371948, -4510.4458, 0.0372838341, 5.56001822e-09, -0.999304712, -6.95599089e-09, 1, 5.30436006e-09, 0.999304712, 6.75338763e-09, 0.0372838341)
		elseif MYLEVEL == 1125 or MYLEVEL <= 1174 then
		_G.Mon = "Horned Warrior [Lv. 1125]"
		_G.NAMEQUEST = "IceSideQuest"
		_G.QUESTNUM = 2
		_G.QUESTTEXT = "Reward:\n$12,500\n16,800,000 Exp."
		_G.QUESTMON = CFrame.new(-6060.10693, 15.9868021, -4904.7876, -0.411000341, -5.06538868e-07, 0.91163528, 1.26306062e-07, 1, 6.12581289e-07, -0.91163528, 3.66916197e-07, -0.411000341)
		_G.PUK = CFrame.new(-6168.15918, 42.7079964, -6020.96826, -0.744210601, 2.41774178e-09, -0.667945027, -2.3336304e-09, 1, 6.21975493e-09, 0.667945027, 6.18754425e-09, -0.744210601)
		elseif MYLEVEL == 1175 or MYLEVEL <= 1199 then
		_G.Mon = "Magma Ninja [Lv. 1175]"
		_G.NAMEQUEST = "FireSideQuest"
		_G.QUESTNUM = 1
		_G.QUESTTEXT = "Reward:\n$12,250\n18,000,000 Exp."
		_G.QUESTMON = CFrame.new(-5429.68359, 15.9517593, -5296.70215, 0.919959962, -6.00166317e-08, -0.392012328, 2.29238974e-08, 1, -9.93018858e-08, 0.392012328, 8.23673076e-08, 0.919959962)
		_G.PUK = CFrame.new(-5404.85449, 22.8623676, -5896.09033, -0.519595861, 4.74720929e-09, 0.854412138, 1.52255595e-08, 1, 3.70304742e-09, -0.854412138, 1.49329917e-08, -0.519595861)
        if _G.FARM and (_G.QUESTMON.Position - game.Players.LocalPlayer.Character.HumanoidRootPart.Position).Magnitude > 500 then
            game:GetService("ReplicatedStorage").Remotes.CommF_:InvokeServer("requestEntrance",Vector3.new(-5466.8896484375, 15.951756477356, -5212.197265625))
        end
        elseif MYLEVEL == 1200 or MYLEVEL <= 1249 then
		_G.Mon = "Lava Pirate [Lv. 1200]"
		_G.NAMEQUEST = "FireSideQuest"
		_G.QUESTNUM = 2
		_G.QUESTTEXT = "Reward:\n$12,500\n20,000,000 Exp."
		_G.QUESTMON = CFrame.new(-5429.68359, 15.9517593, -5296.70215, 0.919959962, -6.00166317e-08, -0.392012328, 2.29238974e-08, 1, -9.93018858e-08, 0.392012328, 8.23673076e-08, 0.919959962)
		_G.PUK = CFrame.new(-5075.1958, 16.1485081, -4814.36133, -0.800640523, -1.06090866e-07, 0.599145055, -6.59776447e-08, 1, 8.89041587e-08, -0.599145055, 3.16500923e-08, -0.800640523)
		elseif MYLEVEL == 1250 or MYLEVEL <= 1274 then
		_G.Mon = "Ship Deckhand [Lv. 1250]"
		_G.NAMEQUEST = "ShipQuest1" 
		_G.QUESTNUM = 1
		_G.QUESTTEXT = "Reward:\n$12,250\n23,000,000 Exp."
		_G.QUESTMON = CFrame.new(1038.67456, 125.057098, 32911.3477, 0.120709591, 5.22710089e-08, -0.992687881, 7.9174507e-09, 1, 5.36187876e-08, 0.992687881, -1.43318593e-08, 0.120709591)
		_G.PUK = CFrame.new(1215.14063, 125.057114, 33050.7188, 0.527230442, 2.61814961e-08, 0.849722326, -5.66963045e-08, 1, 4.36674741e-09, -0.849722326, -5.04783984e-08, 0.527230442)
        if _G.FARM and (_G.QUESTMON.Position - game.Players.LocalPlayer.Character.HumanoidRootPart.Position).Magnitude > 20000 then
            game:GetService("ReplicatedStorage").Remotes.CommF_:InvokeServer("requestEntrance",Vector3.new(923.21252441406, 126.9760055542, 32852.83203125))
        end
        elseif MYLEVEL == 1275 or MYLEVEL <= 1299 then
		_G.Mon = "Ship Engineer [Lv. 1275]"
		_G.NAMEQUEST = "ShipQuest1" 
		_G.QUESTNUM = 2
		_G.QUESTTEXT = "Reward:\n$12,500\n24,500,000 Exp."
		_G.QUESTMON = CFrame.new(1038.67456, 125.057098, 32911.3477, 0.120709591, 5.22710089e-08, -0.992687881, 7.9174507e-09, 1, 5.36187876e-08, 0.992687881, -1.43318593e-08, 0.120709591)
		_G.PUK = CFrame.new(862.985413, 40.4428635, 32867.9492, -0.847809434, 8.49998827e-08, -0.530301034, 2.99658929e-08, 1, 1.1237865e-07, 0.530301034, 7.93847335e-08, -0.847809434)
        if _G.FARM and (_G.QUESTMON.Position - game.Players.LocalPlayer.Character.HumanoidRootPart.Position).Magnitude > 20000 then
            game:GetService("ReplicatedStorage").Remotes.CommF_:InvokeServer("requestEntrance",Vector3.new(923.21252441406, 126.9760055542, 32852.83203125))
        end
        elseif MYLEVEL == 1300 or MYLEVEL <= 1324 then
		_G.Mon = "Ship Steward [Lv. 1300]"
		_G.NAMEQUEST = "ShipQuest2" 
		_G.QUESTNUM = 1
		_G.QUESTTEXT = "Reward:\n$12,250\n26,500,000 Exp."
		_G.QUESTMON = CFrame.new(969.268311, 125.057121, 33245.2695, -0.85863924, -4.77058464e-08, -0.512580395, -1.49134394e-08, 1, -6.80880134e-08, 0.512580395, -5.08187057e-08, -0.85863924)
		_G.PUK = CFrame.new(923.611511, 129.555984, 33442.3125, 0.997516274, 9.71936913e-08, 0.0704362914, -9.52239958e-08, 1, -3.13219992e-08, -0.0704362914, 2.45369804e-08, 0.997516274)
        if _G.FARM and (_G.QUESTMON.Position - game.Players.LocalPlayer.Character.HumanoidRootPart.Position).Magnitude > 20000 then
            game:GetService("ReplicatedStorage").Remotes.CommF_:InvokeServer("requestEntrance",Vector3.new(923.21252441406, 126.9760055542, 32852.83203125))
        end
        elseif MYLEVEL == 1325 or MYLEVEL <= 1349 then
		_G.Mon = "Ship Officer [Lv. 1325]"
		_G.NAMEQUEST = "ShipQuest2" 
		_G.QUESTNUM = 2
		_G.QUESTTEXT = "Reward:\n$12,500\n28,500,000 Exp."
		_G.QUESTMON = CFrame.new(969.268311, 125.057121, 33245.2695, -0.85863924, -4.77058464e-08, -0.512580395, -1.49134394e-08, 1, -6.80880134e-08, 0.512580395, -5.08187057e-08, -0.85863924)
		_G.PUK = CFrame.new(882.275574, 181.057739, 33354.1797, 0.845816016, -3.71928088e-08, -0.533474684, 1.28583932e-09, 1, -6.7679359e-08, 0.533474684, 5.65583242e-08, 0.845816016)
        if _G.FARM and (_G.QUESTMON.Position - game.Players.LocalPlayer.Character.HumanoidRootPart.Position).Magnitude > 20000 then
            game:GetService("ReplicatedStorage").Remotes.CommF_:InvokeServer("requestEntrance",Vector3.new(923.21252441406, 126.9760055542, 32852.83203125))
        end
        elseif MYLEVEL == 1350 or MYLEVEL <= 1374 then
		_G.Mon = "Arctic Warrior [Lv. 1350]"
		_G.NAMEQUEST = "FrostQuest" 
		_G.QUESTNUM = 1
		_G.QUESTTEXT = "Reward:\n$12,250\n30,000,000 Exp."
		_G.QUESTMON = CFrame.new(5669.43506, 28.2117786, -6482.60107, 0.888092756, 1.02705066e-07, 0.459664226, -6.20391774e-08, 1, -1.03572376e-07, -0.459664226, 6.34646895e-08, 0.888092756)
		_G.PUK = CFrame.new(5995.9292, 57.0727844, -6184.98926, 0.706337512, 5.23128296e-09, -0.707875192, -2.2285974e-08, 1, -1.48474424e-08, 0.707875192, 2.62629936e-08, 0.706337512)
        if _G.FARM and (_G.QUESTMON.Position - game.Players.LocalPlayer.Character.HumanoidRootPart.Position).Magnitude > 20000 then
            game:GetService("ReplicatedStorage").Remotes.CommF_:InvokeServer("requestEntrance",Vector3.new(-6508.5581054688, 89.034996032715, -132.83953857422))
        end
        elseif MYLEVEL == 1375 or MYLEVEL <= 1424 then
		_G.Mon = "Snow Lurker [Lv. 1375]"
		_G.NAMEQUEST = "FrostQuest" 
		_G.QUESTNUM = 2
		_G.QUESTTEXT = "Reward:\n$12,500\n32,000,000 Exp."
		_G.QUESTMON = CFrame.new(5669.43506, 28.2117786, -6482.60107, 0.888092756, 1.02705066e-07, 0.459664226, -6.20391774e-08, 1, -1.03572376e-07, -0.459664226, 6.34646895e-08, 0.888092756)
		_G.PUK = CFrame.new(5516.27539, 60.5209846, -6830.82764, 0.219563305, -7.8544824e-09, 0.975598276, 4.69439376e-09, 1, 6.99444236e-09, -0.975598276, 3.04411962e-09, 0.219563305)
		elseif MYLEVEL == 1425 or MYLEVEL <= 1449 then
		_G.Mon = "Sea Soldier [Lv. 1425]"
		_G.NAMEQUEST = "ForgottenQuest" 
		_G.QUESTNUM = 1
		_G.QUESTTEXT = "Reward:\n$12,250\n33,500,000 Exp."
		_G.QUESTMON = CFrame.new(-3053.97339, 236.846283, -10146.1484, -0.999963522, -2.10707256e-08, -0.00854360498, -2.09657198e-08, 1, -1.23802275e-08, 0.00854360498, -1.22006529e-08, -0.999963522)
		_G.PUK = CFrame.new(-3026.54834, 29.5403671, -9758.74316, -0.999909937, 1.71713896e-08, -0.0134194754, 1.68009748e-08, 1, 2.7715517e-08, 0.0134194754, 2.74875607e-08, -0.999909937)
        if _G.FARM and (_G.QUESTMON.Position - game.Players.LocalPlayer.Character.HumanoidRootPart.Position).Magnitude > 20000 then
            game:GetService("ReplicatedStorage").Remotes.CommF_:InvokeServer("requestEntrance",Vector3.new(-6508.5581054688, 89.034996032715, -132.83953857422))
        end
        elseif MYLEVEL >= 1450  then
		_G.Mon = "Water Fighter [Lv. 1450]"
		_G.NAMEQUEST = "ForgottenQuest" 
		_G.QUESTNUM = 2
		_G.QUESTTEXT = "Reward:\n$12,500\n35,500,000 Exp."
		_G.QUESTMON = CFrame.new(-3053.97339, 236.846283, -10146.1484, -0.999963522, -2.10707256e-08, -0.00854360498, -2.09657198e-08, 1, -1.23802275e-08, 0.00854360498, -1.22006529e-08, -0.999963522)
		_G.PUK = CFrame.new(-3262.00098, 298.699615, -10553.6943, -0.233570755, -4.57538185e-08, 0.972339869, -5.80986068e-08, 1, 3.30992194e-08, -0.972339869, -4.87605725e-08, -0.233570755)
		end 
		end
		if thirdworld then
		if MYLEVEL == 1500 or MYLEVEL <= 1524 then
		_G.Mon = "Pirate Millionaire [Lv. 1500]"
		_G.NAMEQUEST = "PiratePortQuest" 
		_G.QUESTNUM = 1
		_G.QUESTTEXT = "Reward:\n$13,000\n35,000,000 Exp."
		_G.QUESTMON = CFrame.new(-288.688629, 43.7932091, 5578.0918, -0.980135322, 4.04644034e-08, 0.198329896, 5.16003063e-08, 1, 5.0980109e-08, -0.198329896, 6.02012875e-08, -0.980135322)
		_G.PUK = CFrame.new(-362.372589, 116.311394, 5690.42188, 0.982939184, -1.16153336e-08, -0.183930904, 1.35050096e-08, 1, 9.02115538e-09, 0.183930904, -1.13512355e-08, 0.982939184)
		elseif MYLEVEL == 1525 or MYLEVEL <= 1574 then
		_G.Mon = "Pistol Billionaire [Lv. 1525]"
		_G.NAMEQUEST = "PiratePortQuest" 
		_G.QUESTNUM = 2
		_G.QUESTTEXT = "Reward:\n$15,000\n37,500,000 Exp."
		_G.QUESTMON = CFrame.new(-288.688629, 43.7932091, 5578.0918, -0.980135322, 4.04644034e-08, 0.198329896, 5.16003063e-08, 1, 5.0980109e-08, -0.198329896, 6.02012875e-08, -0.980135322)
		_G.PUK = CFrame.new(-238.026596, 219.645935, 6007.1748, 0.902000248, -1.08513618e-07, -0.431735516, 9.17130407e-08, 1, -5.97320096e-08, 0.431735516, 1.42825076e-08, 0.902000248)
		elseif MYLEVEL == 1575 or MYLEVEL <= 1599 then
		_G.Mon = "Dragon Crew Warrior [Lv. 1575]"
		_G.NAMEQUEST = "AmazonQuest" 
		_G.QUESTNUM = 1
		_G.QUESTTEXT = "Reward:\n$13,000\n40,000,000 Exp."
		_G.QUESTMON = CFrame.new(5833.72559, 51.3513527, -1104.3147, -0.958539188, -3.53234562e-08, 0.284960806, -3.93179853e-08, 1, -8.29718783e-09, -0.284960806, -1.91572642e-08, -0.958539188)
		_G.PUK = CFrame.new(6210.00977, 51.4822731, -1187.48975, 0.208473638, 2.79291683e-08, -0.978027999, -6.3442954e-08, 1, 1.50332973e-08, 0.978027999, 5.89149387e-08, 0.208473638)
		elseif MYLEVEL == 1600 or MYLEVEL <= 1624 then
		_G.Mon = "Dragon Crew Archer [Lv. 1600]"
		_G.NAMEQUEST = "AmazonQuest" 
		_G.QUESTNUM = 2
		_G.QUESTTEXT = "Reward:\n$15,000\n42,500,000 Exp."
		_G.QUESTMON = CFrame.new(5833.72559, 51.3513527, -1104.3147, -0.958539188, -3.53234562e-08, 0.284960806, -3.93179853e-08, 1, -8.29718783e-09, -0.284960806, -1.91572642e-08, -0.958539188)
		_G.PUK = CFrame.new(6672.1167, 386.634491, 102.138634, -0.879578114, 4.99873778e-08, 0.475754529, -1.44054524e-09, 1, -1.07732973e-07, -0.475754529, -9.54449106e-08, -0.879578114)
		elseif MYLEVEL == 1625 or MYLEVEL <= 1649 then
		_G.Mon = "Female Islander [Lv. 1625]"
		_G.NAMEQUEST = "AmazonQuest2" 
		_G.QUESTNUM = 1
		_G.QUESTTEXT = "Reward:\n$13,000\n45,500,000 Exp."
		_G.QUESTMON = CFrame.new(5445.99756, 601.603638, 750.611145, -0.0389447734, 1.17245778e-08, -0.999241352, 1.19459349e-08, 1, 1.12678942e-08, 0.999241352, -1.1498047e-08, -0.0389447734)
		_G.PUK = CFrame.new(4660.0293, 793.07666, 771.150757, -0.300044596, 6.91594604e-09, -0.953925192, -9.75659518e-08, 1, 3.79380722e-08, 0.953925192, 1.04453733e-07, -0.300044596)
		elseif MYLEVEL == 1650 or MYLEVEL <= 1699 then
		_G.Mon = "Giant Islander [Lv. 1650]"
		_G.NAMEQUEST = "AmazonQuest2" 
		_G.QUESTNUM = 2
		_G.QUESTTEXT = "Reward:\n$15,000\n48,000,000 Exp."
		_G.QUESTMON = CFrame.new(5445.99756, 601.603638, 750.611145, -0.0389447734, 1.17245778e-08, -0.999241352, 1.19459349e-08, 1, 1.12678942e-08, 0.999241352, -1.1498047e-08, -0.0389447734)
		_G.PUK = CFrame.new(5013.77881, 664.0849, -42.7317543, 0.793121755, 2.98509946e-08, 0.609063148, -3.13217008e-08, 1, -8.22422486e-09, -0.609063148, -1.25540822e-08, 0.793121755)
		elseif MYLEVEL == 1700 or MYLEVEL <= 1724 then
		_G.Mon = "Marine Commodore [Lv. 1700]"
		_G.NAMEQUEST = "MarineTreeIsland" 
		_G.QUESTNUM = 1
		_G.QUESTTEXT = "Reward:\n$13,000\n51,000,000 Exp."
		_G.QUESTMON = CFrame.new(2179.58447, 28.7054367, -6738.48682, 0.97564882, -2.54533923e-08, -0.219338506, 1.31742075e-08, 1, -5.74454191e-08, 0.219338506, 5.31569455e-08, 0.97564882)
		_G.PUK = CFrame.new(2548.86279, 124.071259, -7774.8999, -0.790427029, -1.174846e-08, -0.612556159, -2.99833545e-08, 1, 1.95103667e-08, 0.612556159, 3.37880124e-08, -0.790427029)
		elseif MYLEVEL == 1725 or MYLEVEL <= 1774 then
		_G.Mon = "Marine Rear Admiral [Lv. 1725]"
		_G.NAMEQUEST = "MarineTreeIsland" 
		_G.QUESTNUM = 2
		_G.QUESTTEXT = "Reward:\n$15,000\n53,500,000 Exp."
		_G.QUESTMON = CFrame.new(2179.58447, 28.7054367, -6738.48682, 0.97564882, -2.54533923e-08, -0.219338506, 1.31742075e-08, 1, -5.74454191e-08, 0.219338506, 5.31569455e-08, 0.97564882)
		_G.PUK = CFrame.new(3582.24365, 160.524048, -7055.01416, -0.182099551, 6.68982807e-08, -0.983280122, 8.52377937e-08, 1, 5.22501367e-08, 0.983280122, -7.42978941e-08, -0.182099551)
		elseif MYLEVEL == 1775 or MYLEVEL <= 1799 then
		_G.Mon = "Fishman Raider [Lv. 1775]"
		_G.NAMEQUEST = "DeepForestIsland3" 
		_G.QUESTNUM = 1
		_G.QUESTTEXT = "Reward:\n$13,000\n56,000,000 Exp."
		_G.QUESTMON = CFrame.new(-10582.666, 331.762634, -8758.61035, 0.919332206, 1.69593086e-08, -0.393482327, -3.42409479e-08, 1, -3.68999942e-08, 0.393482327, 4.73965578e-08, 0.919332206)
		_G.PUK = CFrame.new(-10449.9258, 331.762634, -8475.85742, -0.739984214, -8.96819241e-09, 0.67262423, -5.59647688e-08, 1, -4.82362239e-08, -0.67262423, -7.33373042e-08, -0.739984214)
		elseif MYLEVEL == 1800 or MYLEVEL <= 1824 then
		_G.Mon = "Fishman Captain [Lv. 1800]"
		_G.NAMEQUEST = "DeepForestIsland3" 
		_G.QUESTNUM = 2
		_G.QUESTTEXT = "Reward:\n$15,000\n58,500,000 Exp."
		_G.QUESTMON = CFrame.new(-10582.666, 331.762634, -8758.61035, 0.919332206, 1.69593086e-08, -0.393482327, -3.42409479e-08, 1, -3.68999942e-08, 0.393482327, 4.73965578e-08, 0.919332206)
		_G.PUK = CFrame.new(-11035.9189, 331.762634, -8966.12012, -0.199661195, 8.05780545e-08, -0.979865015, -2.36975328e-08, 1, 8.70625314e-08, 0.979865015, 4.06033926e-08, -0.199661195)
		elseif MYLEVEL == 1825 or MYLEVEL <= 1849 then
		_G.Mon = "Forest Pirate [Lv. 1825]"
		_G.NAMEQUEST = "DeepForestIsland" 
		_G.QUESTNUM = 1
		_G.QUESTTEXT = "Reward:\n$13,000\n61,000,000 Exp."
		_G.QUESTMON = CFrame.new(-13232.082, 332.378143, -7627.49121, -0.717027605, -4.07509866e-08, 0.69704479, 3.86317822e-08, 1, 9.8201788e-08, -0.69704479, 9.734147e-08, -0.717027605)
		_G.PUK = CFrame.new(-13438.9268, 417.009583, -7767.28467, -0.301585436, -7.02043721e-08, -0.953439176, -4.40521433e-08, 1, -5.96985004e-08, 0.953439176, 2.39968401e-08, -0.301585436)
		elseif MYLEVEL == 1850 or MYLEVEL <= 1899 then
		_G.Mon = "Mythological Pirate [Lv. 1850]"
		_G.NAMEQUEST = "DeepForestIsland" 
		_G.QUESTNUM = 2
		_G.QUESTTEXT = "Reward:\n$13,000\n64,000,000 Exp."
