
local library = loadstring(game:HttpGet("https://raw.githubusercontent.com/zxciaz/VenyxUI/main/Reuploaded"))() --someone reuploaded it so I put it in place of the original back up so guy can get free credit.
local venyx = library.new("NINJA LEGEND GUI", 5013109572)

-- themes
local themes = {
Background = Color3.fromRGB(24, 24, 24),
Glow = Color3.fromRGB(0, 0, 0),
Accent = Color3.fromRGB(10, 10, 10),
LightContrast = Color3.fromRGB(20, 20, 20),
DarkContrast = Color3.fromRGB(14, 14, 14),  
TextColor = Color3.fromRGB(255, 255, 255)
}
local Farm = venyx:addPage("Auto farm", 5012544693)
local Farm = Farm:addSection("Auto farm")

Farm:addToggle("Auto farm", nil, function(value)
_G.L = value
while _G.L do wait()
    game.Players.LocalPlayer.Character.HumanoidRootPart.CFrame = CFrame.new(77.4195633, 17.9771595, -48.3216438, 0.999806464, -9.88844118e-09, -0.0196743868, 1.05877325e-08, 1, 3.54390792e-08, 0.0196743868, -3.5605252e-08, 0.999806464)
-- Script generated by R2Sv2
-- R2Sv2 developed by Luckyxero
 
local A_1 = "swingKatana"
local Event = game:GetService("Players").TestTp2.ninjaEvent
Event:FireServer(A_1)

    end
end)


local TP = venyx:addPage("Teleport", 5012544693)
local TP = TP:addSection("Teleport")

TP:addButton("island 1", function()
game.Players.LocalPlayer.Character.HumanoidRootPart.CFrame = CFrame.new(26.9946918, 766.237366, -114.43486, 1.4201349e-13, 1.09442642e-08, -1, -4.47675959e-08, 1, 1.09442642e-08, 1, 4.47675959e-08, 1.42503441e-13)
end)

TP:addButton("island 2", function()
game.Players.LocalPlayer.Character.HumanoidRootPart.CFrame = CFrame.new(208.402084, 2013.80713, 259.759705, -0.0523980781, 6.97946803e-08, -0.998626292, -3.54985268e-08, 1, 7.17533055e-08, 0.998626292, 3.92094996e-08, -0.0523980781)
end)

TP:addButton("island 3", function()
game.Players.LocalPlayer.Character.HumanoidRootPart.CFrame = CFrame.new(160.416855, 4047.34668, 16.9444561, -0.841070771, -4.19579003e-08, 0.540925086, 6.54041754e-09, 1, 8.7736467e-08, -0.540925086, 7.73304478e-08, -0.841070771)
end)

TP:addButton("island 4", function()
game.Players.LocalPlayer.Character.HumanoidRootPart.CFrame = CFrame.new(144.732849, 5656.9585, 75.5065765, 0.965529203, -1.8295264e-08, 0.260294795, 6.98211267e-09, 1, 4.43874804e-08, -0.260294795, -4.10400034e-08, 0.965529203)
end)

TP:addButton("island 5", function()
game.Players.LocalPlayer.Character.HumanoidRootPart.CFrame = CFrame.new(144.001358, 9284.95703, 77.8342514, 0.920216799, 7.95516044e-08, 0.391409099, -4.33403038e-08, 1, -1.01349549e-07, -0.391409099, 7.6299763e-08, 0.920216799)
end)

TP:addButton("island 6", function()
game.Players.LocalPlayer.Character.HumanoidRootPart.CFrame = CFrame.new(144.842865, 13679.8105, 75.7966385, 0.890908659, -2.20882033e-08, 0.454182565, -1.77650836e-08, 1, 8.34802449e-08, -0.454182565, -8.24418649e-08, 0.890908659)
end)

local Misc = venyx:addPage("Misc", 5012544693)
local Misc = Misc:addSection("Misc")


Misc:addKeybind("Toggle Keybind", Enum.KeyCode.RightControl, function()
print("Activated Keybind")
venyx:toggle()
end, function()
print("Changed Keybind")
end)
